1720422022 9189
1720430935 10305
1720431427 10305
1720432258 10257
1720439144 10261
1720441874 13637
1720442057 13219
1720442385 13317
1720443811 13306
1720443882 13334
1720449705 13336
1720449756 13336
1720450644 12736
1720506189 13093
1720506521 13093
1720507029 13107
1720510532 13109
1720514277 13124
1720534321 13117
1720685558 13450
1720685764 13453
1720686633 13458
1720687237 13485
1720689054 13973
1720689575 13976
1720943149 15130
1720943327 15255
1720943471 15255
1720944986 15262
1720961956 15860
1721208504 15949
1721209348 15949
1721267492 15992
1721273155 16195
1721273780 16217
1721287724 16501
1721288564 16521
1721291343 16601
1721302925 16621
1721307547 16661
1721354668 16871
1721355206 16883
1721358507 16910
1721361235 17018
1721361717 17021
1721363800 17122
1721364319 17122
1721364364 17123
1721365761 16854
1721365897 16854
1721366257 16861
1721367943 16861
1721368624 16861
1721370751 16863
1721372830 16861
1721607361 16959
1721613373 16878
1721613843 16880
1721614049 16905
1721614632 16907
1721615473 16910
1725773889 16973
1725778191 16999
1725778396 17005
1725778630 17005
1725779247 17011
1750904336 28386
1750930853 28569
1750930982 28569
1750988308 28569
1750993331 28573
1751510607 28586
1751510688 28589
1751512198 28593
1754014809 29351
1754019233 29430
1754026012 29932
1754028985 29878
1754031845 29920
1754051560 29927
1754051936 29927
1754052391 29927
1754184792 29928
1754192840 29720
1754196922 29729
1754198932 29743
1754199352 29754
1754200602 29754
1754203381 29793
1754227981 29917
1754228166 29963
1754228267 29971
1754228979 30091
1754229675 30263
1754229893 30276
1754230219 30322
1754230588 30337
1754231546 30409
1754232682 30525
1754233029 30515
1754233200 30516
1754234403 30526
1754273545 30526
1754274075 30604
1754276133 30687
1754276657 30686
1754277131 30689
1754277169 30684
1754277276 30682
1754277839 30722
1754278216 30737
1754282207 30737
1754446778 30862
1754536168 30929
1754537351 30946
1754537500 30952
1754538085 30953
1754539096 30969
1754539369 30969
1754543216 30994
1754543537 30994
1754543940 30995
1754544065 30992
1754544815 30991
1754545733 30991
1754556446 30997
1754557349 30997
1754558504 31003
1754567459 31046
1754568064 31059
1754568930 31086
1754569123 31105
1754627538 31108
1754628345 31109
1754714569 31109
1754719137 31109
1754795435 31119
1754795460 31266
1754795473 31266
1754799740 31364
1754802370 31513
1754803629 31555
1754803905 31555
1754804613 31572
1754805485 31656
1754805777 31659
1754806569 31690
1754808400 31696
1754815363 31722
1754816056 31753
1754817325 31764
1754842451 31765
1754843059 31797
1754843076 31800
1754882572 31801
1754884195 31947
1754884385 31963
1754884498 31969
1754887603 32086
1754890895 32176
1754890950 32175
1754891403 32213
1754892454 32215
1754893758 32240
1754894332 32244
1754895073 32332
1754895483 32372
1754895841 32457
1754903138 32484
1754906523 32522
1754906901 32526
1754907046 32528
1754909287 32528
1754911225 32533
1754912331 32520
1755398875 32526
1755399071 32557
1755401639 32782
1755405267 33095
1755405604 33100
1755407148 33100
1755408266 33198
1755409775 33399
1755437043 33399
1755437966 33401
1755438183 33411
1755441346 33423
1755521655 33423
1755523150 33424
1755572691 33450
1755573075 33474
1755574884 33476
1755576900 33517
1755578320 33525
1755580292 33879
1755581859 33920
1755582324 33919
1755665095 33915
1755667589 34257
1755667773 34340
1755668085 34355
1755669092 34573
1755678050 34828
1755678639 34903
1755680766 35087
1755680835 35090
1755681114 35098
1755683083 35209
1755684278 35211
1755691026 35212
1755692098 35212
1755693524 35211
1755693541 35210
1755693942 35216
1755695976 36308
1755698290 48290
1755698861 46486
1755700352 49626
1755700429 49626
1755702966 49733
1755704748 49845
1755705112 49949
1755705321 49921
1755706367 50375
1755708095 50375
1755708811 50375
1755743597 50828
1755743740 50829
1755743811 50829
1755744255 50833
1755746415 50854
1755746862 50859
1755747226 50860
1755747268 50860
1755747567 50868
1755749257 50870
1755749323 50870
1755750113 50872
1755750151 50970
1755750259 50971
1755750324 50973
1755754552 51013
1755754585 51801
1755755401 51807
1755760982 51811
1755761058 51814
1755761374 51816
1755762193 51840
1755778775 51840
1755782645 51838
1755783830 51848
1755784957 51866
1755785736 51895
1755786217 51893
1755786313 51902
1755786829 51900
1755787368 51894
1755790401 51894
1755791508 52038
1755792049 52053
1755792203 52053
1755793532 52200
1756132626 54904
1756133897 52200
1756134131 52201
1756135287 52263
1756135462 52263
1756136783 52265
1756179392 52274
1756193458 52280
1756202559 52364
1756205477 52368
1756205729 52433
1756206282 52672
1756206361 52674
1756207521 52677
1756208351 52677
1756209528 52678
1756210660 52678
1756210705 52678
1756212576 52681
1756213502 52699
1756213641 52701
1756213746 52701
1756217954 52742
1756219373 52745
1756269310 52779
1756271574 52779
1756271596 55328
1756272431 57787
1756273006 57671
1756277015 57498
1756278826 59494
1756278904 59495
1756279435 59459
1756280443 59473
1756281188 59579
1756281307 59579
1756281946 59590
1756282337 59590
1756361195 59590
1756362086 59594
1756383600 59610
1756386801 59615
1756387807 59651
1756389707 59707
1756440186 59713
1756440256 59713
1756442567 59716
1756446756 59756
1756455409 59753
1756711898 59762
1756712062 60764
1757314305 60764
1757315679 60764
1757316560 60764
1757317134 60754
1757319945 60828
1757320729 60830
1757321416 60830
1757322383 60830
1757322575 60832
1757322854 60834
1757338534 60838
1763520658 61685
